1 10.5467
2 9.8257
3 9.09724
4 8.6866
5 8.29013
6 7.90489
7 6.88241
8 6.85197
9 6.60228
10 6.24875
11 6.12244
12 5.86366
13 5.79941
14 5.35546
15 5.19156
16 5.18826
17 5.03828
18 4.71823
19 4.38389
20 4.20673
21 4.16435
22 3.97411
23 3.72925
24 3.56893
25 3.36082
26 3.01587
27 2.78602
28 2.65425
29 2.56833
30 2.53099
31 2.47765
32 2.31727
33 1.99827
34 1.90655
35 1.66019
36 1.60594
37 1.50089
38 1.41751
39 1.3346
40 1.3346
41 1.32592
42 1.13432
43 1.12518
44 1.07281
45 1.04793
46 0.937765
47 0.873693
48 0.809957
49 0.646147
50 0.617265
51 0.600131
52 0.534474
53 0.501846
54 0.446671
55 0.426717
56 0.400048
57 0.388905
58 0.33851
59 0.319113
60 0.314942
61 0.271326
62 0.259349
63 0.259349
64 0.249346
65 0.243235
66 0.219517
67 0.214755
68 0.208234
69 0.207714
70 0.19828
71 0.163803
72 0.160081
73 0.153738
74 0.152794
75 0.136251
76 0.125505
77 0.12459
78 0.109259
79 0.100837
80 0.0989688
81 0.0938669
82 0.0889399
83 0.0732106
84 0.0704439
85 0.0681223
86 0.06091
87 0.0588498
88 0.0538101
89 0.0516402
90 0.0512204
91 0.0443432
92 0.0427715
93 0.0401502
94 0.0389224
95 0.0362099
96 0.0321509
97 0.0296058
98 0.0274929
99 0.0248495
100 0.0245928
101 0.0232588
102 0.022849
103 0.0214719
104 0.020702
105 0.0188346
106 0.0184509
107 0.0177858
108 0.0168024
109 0.0164512
110 0.0164049
111 0.0154452
112 0.0137428
113 0.0116382
114 0.0110212
115 0.0106952
116 0.0082038
117 0.00734554
118 0.00713717
119 0.0067149
120 0.00652301
121 0.00638931
122 0.00585571
123 0.00551523
124 0.00532068
125 0.00467783
126 0.00458141
127 0.00422481
128 0.00409232
129 0.00361802
130 0.0033513
131 0.00321837
132 0.00265978
133 0.00236894
134 0.00164377
135 0.00155834
136 0.00130857
137 0.00118681
138 0.00117722
139 0.00106769
140 0.00106343
141 0.00101446
142 0.000988036
143 0.000927419
144 0.00091003
145 0.000845397
146 0.000811495
147 0.000662367
148 0.000620419
149 0.000604791
150 0.000595903
151 0.00058393
152 0.000464974
153 0.000457395
154 0.00041343
155 0.000382036
156 0.000363068
157 0.000317925
158 0.000308209
159 0.000296149
160 0.000287898
161 0.000273451
162 0.000261111
163 0.000226674
164 0.000217237
165 0.000210086
166 0.000198986
167 0.000189944
168 0.000182129
169 0.000170822
170 0.000169149
171 0.000164071
172 0.000154765
173 0.000143255
174 8.65226e-05
175 8.16558e-05
176 7.9822e-05
177 7.5811e-05
178 7.3691e-05
179 6.09836e-05
180 5.84449e-05
181 5.50431e-05
182 5.302e-05
183 4.97028e-05
184 4.56882e-05
185 4.38465e-05
186 3.61677e-05
187 3.39072e-05
188 3.37167e-05
189 3.19744e-05
190 3.10303e-05
191 2.9496e-05
192 2.83424e-05
193 2.71143e-05
194 2.69188e-05
195 2.58256e-05
196 2.55899e-05
197 2.13273e-05
198 1.95914e-05
199 1.88738e-05
200 1.85219e-05
201 1.73898e-05
202 1.68025e-05
203 1.5103e-05
204 1.42635e-05
205 1.33171e-05
206 1.29782e-05
207 1.1193e-05
208 1.06053e-05
209 7.00482e-06
210 6.33416e-06
211 6.08879e-06
212 4.70887e-06
213 4.32074e-06
214 3.92319e-06
215 3.59988e-06
216 3.56617e-06
217 3.50728e-06
218 3.24544e-06
219 2.81688e-06
220 2.80229e-06
221 2.74784e-06
222 2.45492e-06
223 2.26218e-06
224 2.23572e-06
225 2.19273e-06
226 2.06362e-06
227 1.99783e-06
228 1.91697e-06
229 1.8895e-06
230 1.75369e-06
231 1.10027e-06
232 1.04744e-06
233 9.59844e-07
234 9.45611e-07
235 7.89099e-07
236 6.47364e-07
237 6.27632e-07
238 5.97301e-07
239 5.44828e-07
240 5.10249e-07
241 4.89419e-07
242 4.62307e-07
243 4.26823e-07
244 3.97678e-07
245 3.94472e-07
246 3.85451e-07
247 3.53068e-07
248 3.36958e-07
249 2.81658e-07
250 2.75917e-07
251 2.57487e-07
252 2.4056e-07
253 2.2548e-07
254 2.21158e-07
255 1.86731e-07
256 1.84518e-07
257 1.76252e-07
258 1.57198e-07
259 1.56243e-07
260 1.54153e-07
261 1.49125e-07
262 1.46649e-07
263 1.06377e-07
264 9.65783e-08
265 9.31832e-08
266 8.94343e-08
267 8.46472e-08
268 8.18786e-08
269 7.91006e-08
270 7.73513e-08
271 7.38541e-08
272 7.34034e-08
273 6.49454e-08
274 5.27201e-08
275 5.25627e-08
276 4.85957e-08
277 4.81597e-08
278 4.44734e-08
279 4.17795e-08
280 2.96101e-08
281 2.72234e-08
282 2.6778e-08
283 2.42687e-08
284 2.26471e-08
285 2.10058e-08
286 1.7266e-08
287 1.54772e-08
288 1.3128e-08
289 1.30382e-08
290 1.2133e-08
291 1.03344e-08
292 9.66404e-09
293 8.86584e-09
294 7.9291e-09
295 7.8483e-09
296 7.67761e-09
297 7.2109e-09
298 6.98029e-09
299 6.41193e-09
300 6.16144e-09
301 6.15253e-09
302 5.89509e-09
303 5.86599e-09
304 5.33416e-09
305 4.33293e-09
306 4.25583e-09
307 3.57314e-09
308 3.24538e-09
309 3.11037e-09
310 2.78055e-09
311 2.72993e-09
312 2.58341e-09
313 2.47953e-09
314 2.42491e-09
315 2.25541e-09
316 1.63346e-09
317 1.33729e-09
318 1.21611e-09
319 1.15435e-09
320 9.96346e-10
321 9.49791e-10
322 9.47939e-10
323 8.81964e-10
324 6.93755e-10
325 6.888e-10
326 6.02282e-10
327 5.72093e-10
328 5.47924e-10
329 5.06256e-10
330 4.88197e-10
331 4.85765e-10
332 4.55412e-10
333 4.42058e-10
334 4.31376e-10
335 3.53411e-10
336 3.53035e-10
337 3.48422e-10
338 3.05056e-10
339 2.82607e-10
340 2.78299e-10
341 2.70336e-10
342 2.68569e-10
343 2.42686e-10
344 2.28588e-10
345 1.82086e-10
346 1.65961e-10
347 1.57294e-10
348 1.54455e-10
349 1.52089e-10
350 1.36665e-10
351 1.3226e-10
352 1.17503e-10
353 1.16032e-10
354 1.0799e-10
355 1.0364e-10
356 1.02016e-10
357 1.01703e-10
358 9.15528e-11
359 6.89776e-11
360 6.4855e-11
361 6.2302e-11
362 5.70314e-11
363 4.60609e-11
364 4.59664e-11
365 4.48665e-11
366 3.08431e-11
367 3.05765e-11
368 2.98087e-11
369 2.6797e-11
370 2.60489e-11
371 2.42644e-11
372 2.28652e-11
373 2.1989e-11
374 2.16934e-11
375 2.10931e-11
376 1.96908e-11
377 1.89417e-11
378 1.52429e-11
379 1.48539e-11
380 1.26973e-11
381 1.25755e-11
382 1.22823e-11
383 1.18589e-11
384 8.73515e-12
385 8.34399e-12
386 7.8279e-12
387 7.21968e-12
388 6.98496e-12
389 6.69068e-12
390 6.62626e-12
391 6.10176e-12
392 6.01815e-12
393 5.74613e-12
394 5.13637e-12
395 5.03594e-12
396 4.46798e-12
397 4.09424e-12
398 3.06561e-12
399 2.5012e-12
400 2.4639e-12
401 2.27998e-12
402 2.23475e-12
403 2.05865e-12
404 1.98831e-12
405 1.82299e-12
406 1.66027e-12
407 1.60674e-12
408 1.56234e-12
409 1.53403e-12
410 1.34976e-12
411 1.27587e-12
412 1.14667e-12
413 1.10179e-12
414 1.03642e-12
415 1.03369e-12
416 9.48545e-13
417 8.40187e-13
418 7.91397e-13
419 6.04998e-13
420 5.58694e-13
421 4.87166e-13
422 4.73902e-13
423 3.55005e-13
424 3.35939e-13
425 3.19004e-13
426 3.00293e-13
427 2.82885e-13
428 2.6595e-13
429 2.56595e-13
430 2.51858e-13
431 2.51858e-13
432 2.2237e-13
433 2.20831e-13
434 2.08515e-13
435 2.03186e-13
436 1.9087e-13
437 1.83527e-13
438 1.5475e-13
439 1.47763e-13
440 1.43382e-13
441 1.35802e-13
442 1.25736e-13
443 1.25381e-13
444 1.21e-13
445 1.18039e-13
446 8.96172e-14
447 7.91959e-14
448 7.80117e-14
449 7.80117e-14
450 7.17352e-14
451 6.3564e-14
452 6.33271e-14
453 6.32087e-14
454 6.2735e-14
455 6.0485e-14
456 5.78796e-14
457 4.93531e-14
458 3.26554e-14
459 3.12343e-14
460 2.81553e-14
461 2.73263e-14
462 2.24709e-14
463 2.19972e-14
464 2.15235e-14
465 2.02209e-14
466 1.83261e-14
467 1.82077e-14
468 1.72603e-14
469 1.71418e-14
470 1.48918e-14
471 1.46549e-14
472 1.32339e-14
473 1.24049e-14
474 9.79957e-15
475 8.02321e-15
476 7.54952e-15
477 6.36528e-15
478 6.24685e-15
479 6.12843e-15
480 5.89158e-15
481 5.77316e-15
482 5.41789e-15
483 4.94419e-15
484 4.4705e-15
485 4.4705e-15
486 3.87838e-15
487 3.87838e-15
488 3.52311e-15
489 2.93099e-15
490 2.93099e-15
491 2.93099e-15
492 2.81256e-15
493 2.69414e-15
494 2.69414e-15
495 2.69414e-15
496 2.69414e-15
497 2.57572e-15
498 2.57572e-15
499 2.22045e-15
500 1.9836e-15
501 1.9836e-15
502 1.9836e-15
503 1.86517e-15
504 1.86517e-15
505 1.86517e-15
506 1.74675e-15
507 1.74675e-15
508 1.62833e-15
509 1.62833e-15
510 1.5099e-15
511 1.39148e-15
512 1.27306e-15
513 1.15463e-15
514 9.17784e-16
515 9.17784e-16
516 9.17784e-16
517 7.99361e-16
518 7.99361e-16
519 6.80937e-16
520 6.80937e-16
521 6.80937e-16
522 6.80937e-16
523 5.62513e-16
524 5.62513e-16
525 5.62513e-16
526 5.62513e-16
527 5.62513e-16
528 5.62513e-16
529 5.62513e-16
530 5.62513e-16
531 5.62513e-16
532 5.62513e-16
533 5.62513e-16
534 5.62513e-16
535 5.62513e-16
536 5.62513e-16
537 5.62513e-16
538 5.62513e-16
539 5.62513e-16
540 5.62513e-16
541 5.62513e-16
542 5.62513e-16
543 5.62513e-16
544 5.62513e-16
545 4.44089e-16
546 4.44089e-16
547 4.44089e-16
548 4.44089e-16
549 4.44089e-16
550 4.44089e-16
551 4.44089e-16
552 4.44089e-16
553 4.44089e-16
554 4.44089e-16
555 4.44089e-16
556 4.44089e-16
557 4.44089e-16
558 4.44089e-16
559 4.44089e-16
560 4.44089e-16
561 4.44089e-16
562 4.44089e-16
563 4.44089e-16
564 4.44089e-16
565 4.44089e-16
566 4.44089e-16
567 4.44089e-16
568 4.44089e-16
569 4.44089e-16
570 4.44089e-16
571 4.44089e-16
572 4.44089e-16
573 4.44089e-16
574 4.44089e-16
575 4.44089e-16
576 4.44089e-16
577 4.44089e-16
578 4.44089e-16
579 4.44089e-16
580 4.44089e-16
581 4.44089e-16
582 4.44089e-16
583 4.44089e-16
584 4.44089e-16
585 4.44089e-16
586 4.44089e-16
587 4.44089e-16
588 4.44089e-16
589 4.44089e-16
590 4.44089e-16
591 4.44089e-16
592 4.44089e-16
593 4.44089e-16
594 4.44089e-16
595 4.44089e-16
596 4.44089e-16
597 4.44089e-16
598 4.44089e-16
599 4.44089e-16
600 4.44089e-16
601 4.44089e-16
602 4.44089e-16
603 4.44089e-16
604 4.44089e-16
605 4.44089e-16
606 4.44089e-16
607 4.44089e-16
608 4.44089e-16
609 4.44089e-16
610 4.44089e-16
611 4.44089e-16
612 4.44089e-16
613 4.44089e-16
614 4.44089e-16
615 4.44089e-16
616 4.44089e-16
617 4.44089e-16
618 4.44089e-16
619 4.44089e-16
620 4.44089e-16
621 4.44089e-16
622 4.44089e-16
623 4.44089e-16
624 4.44089e-16
625 4.44089e-16
626 4.44089e-16
627 4.44089e-16
628 4.44089e-16
629 4.44089e-16
630 4.44089e-16
631 4.44089e-16
632 4.44089e-16
633 4.44089e-16
634 4.44089e-16
635 4.44089e-16
636 4.44089e-16
637 4.44089e-16
638 4.44089e-16
639 4.44089e-16
640 4.44089e-16
641 4.44089e-16
642 4.44089e-16
643 4.44089e-16
644 4.44089e-16
645 4.44089e-16
646 4.44089e-16
647 4.44089e-16
648 4.44089e-16
649 4.44089e-16
650 4.44089e-16
651 4.44089e-16
652 4.44089e-16
653 4.44089e-16
654 4.44089e-16
655 4.44089e-16
656 4.44089e-16
657 4.44089e-16
658 4.44089e-16
659 4.44089e-16
660 4.44089e-16
661 4.44089e-16
662 4.44089e-16
663 4.44089e-16
664 4.44089e-16
665 4.44089e-16
666 4.44089e-16
667 4.44089e-16
668 4.44089e-16
669 4.44089e-16
670 4.44089e-16
671 4.44089e-16
672 4.44089e-16
673 4.44089e-16
674 4.44089e-16
675 4.44089e-16
676 4.44089e-16
677 4.44089e-16
678 4.44089e-16
679 4.44089e-16
680 4.44089e-16
681 4.44089e-16
682 4.44089e-16
683 4.44089e-16
684 4.44089e-16
685 4.44089e-16
686 4.44089e-16
687 4.44089e-16
688 4.44089e-16
689 4.44089e-16
690 4.44089e-16
691 4.44089e-16
692 4.44089e-16
693 4.44089e-16
694 4.44089e-16
695 4.44089e-16
696 4.44089e-16
697 4.44089e-16
698 4.44089e-16
699 4.44089e-16
700 4.44089e-16
701 4.44089e-16
702 4.44089e-16
703 4.44089e-16
704 4.44089e-16
705 4.44089e-16
706 4.44089e-16
707 4.44089e-16
708 4.44089e-16
709 4.44089e-16
710 4.44089e-16
711 4.44089e-16
712 4.44089e-16
713 4.44089e-16
714 4.44089e-16
715 4.44089e-16
716 4.44089e-16
717 4.44089e-16
718 4.44089e-16
719 4.44089e-16
720 4.44089e-16
721 4.44089e-16
722 4.44089e-16
723 4.44089e-16
724 4.44089e-16
725 4.44089e-16
726 4.44089e-16
727 4.44089e-16
728 4.44089e-16
729 4.44089e-16
730 4.44089e-16
731 4.44089e-16
732 4.44089e-16
733 4.44089e-16
734 4.44089e-16
735 4.44089e-16
736 4.44089e-16
737 4.44089e-16
738 4.44089e-16
739 4.44089e-16
740 4.44089e-16
741 4.44089e-16
742 4.44089e-16
743 4.44089e-16
744 4.44089e-16
745 4.44089e-16
746 4.44089e-16
747 4.44089e-16
748 4.44089e-16
749 4.44089e-16
750 4.44089e-16
751 4.44089e-16
752 4.44089e-16
753 4.44089e-16
754 4.44089e-16
755 4.44089e-16
756 4.44089e-16
757 4.44089e-16
758 4.44089e-16
759 4.44089e-16
760 4.44089e-16
761 4.44089e-16
762 4.44089e-16
763 4.44089e-16
764 4.44089e-16
765 4.44089e-16
766 4.44089e-16
767 4.44089e-16
768 4.44089e-16
769 4.44089e-16
770 4.44089e-16
771 4.44089e-16
772 4.44089e-16
773 4.44089e-16
774 4.44089e-16
775 4.44089e-16
776 4.44089e-16
777 4.44089e-16
778 4.44089e-16
779 4.44089e-16
780 4.44089e-16
781 4.44089e-16
782 4.44089e-16
783 4.44089e-16
784 4.44089e-16
785 4.44089e-16
786 4.44089e-16
787 4.44089e-16
788 4.44089e-16
789 4.44089e-16
790 4.44089e-16
791 4.44089e-16
792 4.44089e-16
793 4.44089e-16
794 4.44089e-16
795 4.44089e-16
796 4.44089e-16
797 4.44089e-16
798 4.44089e-16
799 4.44089e-16
800 4.44089e-16
801 4.44089e-16
802 4.44089e-16
803 4.44089e-16
804 4.44089e-16
805 4.44089e-16
806 4.44089e-16
807 4.44089e-16
808 4.44089e-16
809 4.44089e-16
810 4.44089e-16
811 4.44089e-16
812 4.44089e-16
813 4.44089e-16
814 4.44089e-16
815 4.44089e-16
816 4.44089e-16
817 4.44089e-16
818 4.44089e-16
819 4.44089e-16
820 4.44089e-16
821 4.44089e-16
822 4.44089e-16
823 4.44089e-16
824 4.44089e-16
825 4.44089e-16
826 4.44089e-16
827 4.44089e-16
828 4.44089e-16
829 4.44089e-16
830 4.44089e-16
831 4.44089e-16
832 4.44089e-16
833 4.44089e-16
834 4.44089e-16
835 4.44089e-16
836 4.44089e-16
837 4.44089e-16
838 4.44089e-16
839 4.44089e-16
840 4.44089e-16
841 4.44089e-16
842 4.44089e-16
843 4.44089e-16
844 4.44089e-16
845 4.44089e-16
846 4.44089e-16
847 4.44089e-16
848 4.44089e-16
849 4.44089e-16
850 4.44089e-16
851 4.44089e-16
852 4.44089e-16
853 4.44089e-16
854 4.44089e-16
855 4.44089e-16
856 4.44089e-16
857 4.44089e-16
858 4.44089e-16
859 4.44089e-16
860 4.44089e-16
861 4.44089e-16
862 4.44089e-16
863 4.44089e-16
864 4.44089e-16
865 4.44089e-16
866 4.44089e-16
867 4.44089e-16
868 4.44089e-16
869 4.44089e-16
870 4.44089e-16
871 4.44089e-16
872 4.44089e-16
873 4.44089e-16
874 4.44089e-16
875 4.44089e-16
876 4.44089e-16
877 4.44089e-16
878 4.44089e-16
879 4.44089e-16
880 4.44089e-16
881 4.44089e-16
882 4.44089e-16
883 4.44089e-16
884 4.44089e-16
885 4.44089e-16
886 4.44089e-16
887 4.44089e-16
888 4.44089e-16
889 4.44089e-16
890 4.44089e-16
891 4.44089e-16
892 4.44089e-16
893 4.44089e-16
894 4.44089e-16
895 4.44089e-16
896 4.44089e-16
897 4.44089e-16
898 4.44089e-16
899 4.44089e-16
900 4.44089e-16
901 4.44089e-16
902 4.44089e-16
903 4.44089e-16
904 4.44089e-16
905 4.44089e-16
906 4.44089e-16
907 4.44089e-16
908 4.44089e-16
909 4.44089e-16
910 4.44089e-16
911 4.44089e-16
912 4.44089e-16
913 4.44089e-16
914 4.44089e-16
915 4.44089e-16
916 4.44089e-16
917 4.44089e-16
918 4.44089e-16
919 4.44089e-16
920 4.44089e-16
921 4.44089e-16
922 4.44089e-16
923 4.44089e-16
924 4.44089e-16
925 4.44089e-16
926 4.44089e-16
927 4.44089e-16
928 4.44089e-16
929 4.44089e-16
930 4.44089e-16
931 4.44089e-16
932 4.44089e-16
933 4.44089e-16
934 4.44089e-16
935 4.44089e-16
936 4.44089e-16
937 4.44089e-16
938 4.44089e-16
939 4.44089e-16
940 4.44089e-16
941 4.44089e-16
942 4.44089e-16
943 4.44089e-16
944 4.44089e-16
945 4.44089e-16
946 4.44089e-16
947 4.44089e-16
948 4.44089e-16
949 4.44089e-16
950 4.44089e-16
951 4.44089e-16
952 4.44089e-16
953 4.44089e-16
954 4.44089e-16
955 4.44089e-16
956 4.44089e-16
957 4.44089e-16
958 4.44089e-16
959 4.44089e-16
960 4.44089e-16
961 4.44089e-16
962 4.44089e-16
963 4.44089e-16
964 4.44089e-16
965 4.44089e-16
966 4.44089e-16
967 4.44089e-16
968 4.44089e-16
969 4.44089e-16
970 4.44089e-16
971 4.44089e-16
972 4.44089e-16
973 4.44089e-16
974 4.44089e-16
975 4.44089e-16
976 4.44089e-16
977 4.44089e-16
978 4.44089e-16
979 4.44089e-16
980 4.44089e-16
981 4.44089e-16
982 4.44089e-16
983 4.44089e-16
984 4.44089e-16
985 4.44089e-16
986 4.44089e-16
987 4.44089e-16
988 4.44089e-16
989 4.44089e-16
990 4.44089e-16
991 4.44089e-16
992 4.44089e-16
993 4.44089e-16
994 4.44089e-16
995 4.44089e-16
996 4.44089e-16
997 4.44089e-16
998 4.44089e-16
999 4.44089e-16
1000 4.44089e-16