1 0
2 10.0621
3 10.0621
4 10.0621
5 8.40629
6 5.24557
7 5.24557
8 3.20486
9 3.20486
10 0.716481
11 0.716481
12 0.716481
13 0.716481
14 0.502284
15 0.502284
16 0.502284
17 0.301892
18 0.301892
19 0.301892
20 0.0895957
21 0.0895957
22 0.0895957
23 0.0578801
24 0.0578801
25 0.0373279
26 0.0373279
27 0.0373279
28 0.0373279
29 0.0373279
30 0.0373279
31 0.0373279
32 0.0373279
33 0.0373279
34 0.0373279
35 0.0373279
36 0.023896
37 0.023896
38 0.023896
39 0.023896
40 0.023896
41 0.023896
42 0.023896
43 0.023896
44 0.023896
45 0.00912083
46 0.00912083
47 0.00821876
48 0.00821876
49 0.00821876
50 0.00591796
51 0.00591796
52 0.00591796
53 0.00591796
54 0.00518764
55 0.00518764
56 0.00518764
57 0.00444828
58 0.00391687
59 0.00388858
60 0.00388858
61 0.0031747
62 0.0031747
63 0.0031747
64 0.0031747
65 0.00246466
66 0.00181747
67 0.00131521
68 0.000937397
69 0.000675746
70 0.00053249
71 0.000499992
72 0.000499992
73 0.000499992
74 0.000499992
75 0.000499992
76 0.000499992
77 0.00049909
78 0.00049909
79 0.00049909
80 0.00049909
81 0.000362153
82 0.000362153
83 0.000357934
84 0.000357934
85 0.000302806
86 0.000302806
87 0.000302806
88 0.000302806
89 0.000259593
90 0.000140232
91 0.000140232
92 0.000140232
93 0.000128813
94 0.00010717
95 9.4031e-05
96 8.7463e-05
97 8.53615e-05
98 3.30669e-05
99 1.8169e-05
100 1.8169e-05
101 1.8169e-05
102 1.8169e-05
103 1.8169e-05
104 1.8169e-05
105 1.8169e-05
106 1.8169e-05
107 3.14634e-06
108 3.14634e-06
109 3.14634e-06
110 3.14634e-06
111 3.14634e-06
112 3.14634e-06
113 3.14634e-06
114 2.26357e-06
115 2.26357e-06
116 2.26357e-06
117 2.26357e-06
118 2.26357e-06
119 2.26357e-06
120 2.21064e-06
121 2.19449e-06
122 2.19449e-06
123 2.19449e-06
124 1.21641e-06
125 1.21641e-06
126 5.29248e-07
127 5.29248e-07
128 5.29248e-07
129 5.29248e-07
130 5.29248e-07
131 5.29248e-07
132 1.57778e-07
133 1.57778e-07
134 1.57778e-07
135 1.57778e-07
136 1.57778e-07
137 1.57778e-07
138 1.57778e-07
139 1.57778e-07
140 1.57778e-07
141 1.48687e-07
142 1.48687e-07
143 1.48687e-07
144 1.48687e-07
145 1.48368e-07
146 1.22802e-07
147 1.22802e-07
148 1.22802e-07
149 1.22802e-07
150 1.03674e-07
151 1.03674e-07
152 1.03674e-07
153 1.03674e-07
154 9.63444e-08
155 9.63444e-08
156 9.63444e-08
157 8.36481e-08
158 7.70091e-08
159 6.35968e-08
160 6.35968e-08
161 6.35968e-08
162 3.38227e-08
163 3.38227e-08
164 3.38227e-08
165 3.38227e-08
166 3.38227e-08
167 3.38227e-08
168 3.38227e-08
169 4.25635e-09
170 4.25635e-09
171 4.25635e-09
172 4.25635e-09
173 4.25635e-09
174 4.25635e-09
175 4.25635e-09
176 4.25635e-09
177 4.25635e-09
178 3.98432e-09
179 3.98432e-09
180 3.98432e-09
181 3.98432e-09
182 3.98432e-09
183 3.98432e-09
184 3.98432e-09
185 3.98432e-09
186 3.98432e-09
187 3.98432e-09
188 3.93039e-09
189 3.93039e-09
190 3.93039e-09
191 3.93039e-09
192 3.93039e-09
193 3.93039e-09
194 3.93039e-09
195 3.93039e-09
196 1.34083e-09
197 1.34083e-09
198 1.34083e-09
199 9.84429e-10
200 9.84429e-10
